VERTICES + ROTULOS
1 0
2 1
3 2
4 3
5 4
6 5
7 6
8 7
9 8
10 9
11 10
12 11
13 12
14 13
15 14
16 15
17 16
18 17
19 18
20 19
21 20
22 21
23 22
24 23
25 24
26 25
27 26
28 27
29 28
30 29
31 30
32 31
33 32
34 33
35 34
36 35
37 36
38 37
39 38
40 39
41 40
42 41
43 42
44 43
45 44
46 45
47 46
48 47
49 48
50 49
51 50
52 51
53 52
54 53
55 54
56 55
57 56
58 57
59 58
60 59
61 60
62 61
ARESTAS
(41, 1): 1.0
(1, 11): 1.0
(48, 1): 1.0
(1, 43): 1.0
(1, 15): 1.0
(16, 1): 1.0
(18, 2): 1.0
(2, 20): 1.0
(2, 37): 1.0
(2, 55): 1.0
(42, 2): 1.0
(2, 27): 1.0
(2, 28): 1.0
(2, 29): 1.0
(3, 11): 1.0
(3, 45): 1.0
(3, 43): 1.0
(3, 62): 1.0
(9, 4): 1.0
(60, 4): 1.0
(4, 15): 1.0
(52, 5): 1.0
(57, 6): 1.0
(10, 6): 1.0
(14, 6): 1.0
(58, 6): 1.0
(18, 7): 1.0
(7, 55): 1.0
(58, 7): 1.0
(57, 7): 1.0
(10, 7): 1.0
(14, 7): 1.0
(8, 28): 1.0
(8, 41): 1.0
(8, 20): 1.0
(8, 55): 1.0
(8, 31): 1.0
(9, 21): 1.0
(9, 38): 1.0
(9, 60): 1.0
(9, 29): 1.0
(9, 46): 1.0
(33, 10): 1.0
(18, 10): 1.0
(58, 10): 1.0
(42, 10): 1.0
(10, 14): 1.0
(11, 43): 1.0
(11, 30): 1.0
(48, 11): 1.0
(52, 12): 1.0
(34, 13): 1.0
(33, 14): 1.0
(18, 14): 1.0
(42, 14): 1.0
(58, 14): 1.0
(14, 55): 1.0
(34, 15): 1.0
(35, 15): 1.0
(38, 15): 1.0
(15, 39): 1.0
(41, 15): 1.0
(44, 15): 1.0
(17, 15): 1.0
(51, 15): 1.0
(53, 15): 1.0
(25, 15): 1.0
(16, 41): 1.0
(16, 19): 1.0
(56, 16): 1.0
(16, 25): 1.0
(16, 60): 1.0
(16, 46): 1.0
(17, 34): 1.0
(17, 51): 1.0
(17, 21): 1.0
(17, 38): 1.0
(17, 39): 1.0
(18, 23): 1.0
(26, 18): 1.0
(58, 18): 1.0
(18, 28): 1.0
(32, 18): 1.0
(19, 46): 1.0
(19, 52): 1.0
(19, 21): 1.0
(19, 22): 1.0
(25, 19): 1.0
(19, 30): 1.0
(20, 55): 1.0
(20, 31): 1.0
(21, 37): 1.0
(21, 39): 1.0
(21, 45): 1.0
(21, 29): 1.0
(51, 21): 1.0
(48, 21): 1.0
(34, 22): 1.0
(52, 22): 1.0
(38, 22): 1.0
(46, 22): 1.0
(30, 22): 1.0
(24, 52): 1.0
(24, 37): 1.0
(24, 46): 1.0
(25, 52): 1.0
(25, 46): 1.0
(25, 30): 1.0
(26, 27): 1.0
(26, 28): 1.0
(27, 28): 1.0
(29, 31): 1.0
(48, 29): 1.0
(52, 30): 1.0
(36, 30): 1.0
(53, 30): 1.0
(44, 30): 1.0
(46, 30): 1.0
(48, 31): 1.0
(43, 31): 1.0
(33, 61): 1.0
(34, 35): 1.0
(34, 39): 1.0
(41, 34): 1.0
(34, 44): 1.0
(34, 51): 1.0
(34, 38): 1.0
(35, 45): 1.0
(35, 38): 1.0
(50, 35): 1.0
(60, 37): 1.0
(37, 38): 1.0
(40, 37): 1.0
(41, 37): 1.0
(41, 38): 1.0
(44, 38): 1.0
(38, 46): 1.0
(38, 62): 1.0
(53, 39): 1.0
(59, 39): 1.0
(44, 39): 1.0
(45, 39): 1.0
(40, 58): 1.0
(41, 53): 1.0
(58, 42): 1.0
(42, 55): 1.0
(43, 51): 1.0
(48, 43): 1.0
(44, 47): 1.0
(44, 54): 1.0
(51, 46): 1.0
(52, 46): 1.0
(60, 46): 1.0
(50, 47): 1.0
(49, 58): 1.0
(51, 52): 1.0
(56, 52): 1.0
(54, 62): 1.0
(58, 55): 1.0
159
